#h k l value log(value)
0 0 0.8 76616.1 4.88432
0 0 0.801 76457.9 4.88342
0 0 0.802 76302.2 4.88254
0 0 0.803 76149 4.88166
0 0 0.804 75998.3 4.8808
0 0 0.805 75850.1 4.87996
0 0 0.806 75704.6 4.87912
0 0 0.807 75561.5 4.8783
0 0 0.808 75421.1 4.87749
0 0 0.809 75283.2 4.8767
0 0 0.81 75148 4.87592
0 0 0.811 75015.4 4.87515
0 0 0.812 74885.5 4.8744
0 0 0.813 74758.2 4.87366
0 0 0.814 74633.6 4.87293
0 0 0.815 74511.7 4.87222
0 0 0.816 74392.6 4.87153
0 0 0.817 74276.2 4.87085
0 0 0.818 74162.6 4.87018
0 0 0.819 74051.8 4.86954
0 0 0.82 73943.8 4.8689
0 0 0.821 73838.7 4.86828
0 0 0.822 73736.5 4.86768
0 0 0.823 73637.2 4.8671
0 0 0.824 73540.8 4.86653
0 0 0.825 73447.4 4.86598
0 0 0.826 73357 4.86544
0 0 0.827 73269.6 4.86492
0 0 0.828 73185.3 4.86442
0 0 0.829 73104.2 4.86394
0 0 0.83 73026.1 4.86348
0 0 0.831 72951.3 4.86303
0 0 0.832 72879.6 4.86261
0 0 0.833 72811.3 4.8622
0 0 0.834 72746.2 4.86181
0 0 0.835 72684.5 4.86144
0 0 0.836 72626.2 4.86109
0 0 0.837 72571.4 4.86077
0 0 0.838 72520 4.86046
0 0 0.839 72472.2 4.86017
0 0 0.84 72428 4.85991
0 0 0.841 72387.5 4.85966
0 0 0.842 72350.7 4.85944
0 0 0.843 72317.6 4.85924
0 0 0.844 72288.4 4.85907
0 0 0.845 72263 4.85892
0 0 0.846 72241.7 4.85879
0 0 0.847 72224.3 4.85868
0 0 0.848 72211.1 4.8586
0 0 0.849 72202.1 4.85855
0 0 0.85 72197.3 4.85852
0 0 0.851 72196.8 4.85852
0 0 0.852 72200.7 4.85854
0 0 0.853 72209.2 4.85859
0 0 0.854 72222.2 4.85867
0 0 0.855 72239.9 4.85878
0 0 0.856 72262.4 4.85891
0 0 0.857 72289.8 4.85908
0 0 0.858 72322.1 4.85927
0 0 0.859 72359.5 4.8595
0 0 0.86 72402.1 4.85975
0 0 0.861 72450 4.86004
0 0 0.862 72503.3 4.86036
0 0 0.863 72562.2 4.86071
0 0 0.864 72626.7 4.8611
0 0 0.865 72697 4.86152
0 0 0.866 72773.3 4.86197
0 0 0.867 72855.7 4.86246
0 0 0.868 72944.2 4.86299
0 0 0.869 73039.2 4.86356
0 0 0.87 73140.7 4.86416
0 0 0.871 73249 4.8648
0 0 0.872 73364.1 4.86548
0 0 0.873 73486.3 4.86621
0 0 0.874 73615.8 4.86697
0 0 0.875 73752.7 4.86778
0 0 0.876 73897.2 4.86863
0 0 0.877 74049.7 4.86952
0 0 0.878 74210.2 4.87046
0 0 0.879 74379.1 4.87145
0 0 0.88 74556.5 4.87249
0 0 0.881 74742.7 4.87357
0 0 0.882 74938 4.8747
0 0 0.883 75142.7 4.87589
0 0 0.884 75357 4.87712
0 0 0.885 75581.2 4.87841
0 0 0.886 75815.7 4.87976
0 0 0.887 76060.7 4.88116
0 0 0.888 76316.7 4.88262
0 0 0.889 76583.9 4.88414
0 0 0.89 76862.7 4.88572
0 0 0.891 77153.6 4.88736
0 0 0.892 77456.9 4.88906
0 0 0.893 77773.1 4.89083
0 0 0.894 78102.5 4.89267
0 0 0.895 78445.7 4.89457
0 0 0.896 78803.2 4.89654
0 0 0.897 79175.5 4.89859
0 0 0.898 79563 4.90071
0 0 0.899 79966.4 4.90291
0 0 0.9 80386.3 4.90518
0 0 0.901 80823.3 4.90754
0 0 0.902 81278.1 4.90997
0 0 0.903 81751.3 4.91249
0 0 0.904 82243.6 4.9151
0 0 0.905 82755.9 4.9178
0 0 0.906 83288.9 4.92059
0 0 0.907 83843.5 4.92347
0 0 0.908 84420.6 4.92645
0 0 0.909 85021.1 4.92953
0 0 0.91 85646.1 4.93271
0 0 0.911 86296.5 4.93599
0 0 0.912 86973.4 4.93939
0 0 0.913 87678.2 4.94289
0 0 0.914 88412 4.94651
0 0 0.915 89176.1 4.95025
0 0 0.916 89971.9 4.95411
0 0 0.917 90800.9 4.95809
0 0 0.918 91664.7 4.9622
0 0 0.919 92564.9 4.96645
0 0 0.92 93503.4 4.97083
0 0 0.921 94481.9 4.97535
0 0 0.922 95502.6 4.98002
0 0 0.923 96567.5 4.98483
0 0 0.924 97678.9 4.9898
0 0 0.925 98839.3 4.99493
0 0 0.926 100051 5.00022
0 0 0.927 101317 5.00568
0 0 0.928 102641 5.01132
0 0 0.929 104025 5.01714
0 0 0.93 105473 5.02314
0 0 0.931 106988 5.02934
0 0 0.932 108575 5.03573
0 0 0.933 110237 5.04233
0 0 0.934 111980 5.04914
0 0 0.935 113807 5.05617
0 0 0.936 115725 5.06343
0 0 0.937 117739 5.07092
0 0 0.938 119855 5.07865
0 0 0.939 122079 5.08664
0 0 0.94 124420 5.09489
0 0 0.941 126884 5.10341
0 0 0.942 129480 5.1122
0 0 0.943 132218 5.12129
0 0 0.944 135107 5.13068
0 0 0.945 138159 5.14038
0 0 0.946 141385 5.1504
0 0 0.947 144799 5.16076
0 0 0.948 148414 5.17148
0 0 0.949 152248 5.18255
0 0 0.95 156316 5.194
0 0 0.951 160639 5.20585
0 0 0.952 165237 5.21811
0 0 0.953 170134 5.23079
0 0 0.954 175356 5.24392
0 0 0.955 180932 5.25752
0 0 0.956 186894 5.2716
0 0 0.957 193278 5.28618
0 0 0.958 200125 5.3013
0 0 0.959 207479 5.31697
0 0 0.96 215392 5.33323
0 0 0.961 223922 5.3501
0 0 0.962 233132 5.3676
0 0 0.963 243099 5.38578
0 0 0.964 253905 5.40467
0 0 0.965 265648 5.42431
0 0 0.966 278439 5.44473
0 0 0.967 292406 5.46599
0 0 0.968 307697 5.48812
0 0 0.969 324485 5.5112
0 0 0.97 342972 5.53526
0 0 0.971 363394 5.56038
0 0 0.972 386031 5.58662
0 0 0.973 411216 5.61407
0 0 0.974 439347 5.64281
0 0 0.975 470900 5.67293
0 0 0.976 506457 5.70454
0 0 0.977 546724 5.73777
0 0 0.978 592574 5.77274
0 0 0.979 645091 5.80962
0 0 0.98 705636 5.84858
0 0 0.981 775935 5.88983
0 0 0.982 858207 5.93359
0 0 0.983 955342 5.98016
0 0 0.984 1.07116e+06 6.02985
0 0 0.985 1.21078e+06 6.08306
0 0 0.986 1.38123e+06 6.14027
0 0 0.987 1.59232e+06 6.20203
0 0 0.988 1.85811e+06 6.26907
0 0 0.989 2.19933e+06 6.34229
0 0 0.99 2.64754e+06 6.42284
0 0 0.991 3.25276e+06 6.51225
0 0 0.992 4.09805e+06 6.61258
0 0 0.993 5.32978e+06 6.72671
0 0 0.994 7.22571e+06 6.85888
0 0 0.995 1.03669e+07 7.01565
0 0 0.996 1.61438e+07 7.20801
0 0 0.997 2.86118e+07 7.45655
0 0 0.998 6.41961e+07 7.80751
0 0 0.999 2.56086e+08 8.40839
0 0 1 7.20286e+11 11.8575
0 0 1.001 2.55064e+08 8.40665
0 0 1.002 6.36845e+07 7.80403
0 0 1.003 2.82705e+07 7.45133
0 0 1.004 1.58875e+07 7.20106
0 0 1.005 1.01616e+07 7.00696
0 0 1.006 7.05433e+06 6.84846
0 0 1.007 5.18259e+06 6.71455
0 0 1.008 3.96896e+06 6.59868
0 0 1.009 3.13772e+06 6.49661
0 0 1.01 2.54371e+06 6.40547
0 0 1.011 2.10464e+06 6.32318
0 0 1.012 1.77101e+06 6.24822
0 0 1.013 1.51161e+06 6.17944
0 0 1.014 1.30599e+06 6.11594
0 0 1.015 1.14025e+06 6.057
0 0 1.016 1.00473e+06 6.00205
0 0 1.017 892522 5.95062
0 0 1.018 798572 5.90231
0 0 1.019 719133 5.85681
0 0 1.02 651368 5.81383
0 0 1.021 593101 5.77313
0 0 1.022 542640 5.73451
0 0 1.023 498654 5.6978
0 0 1.024 460082 5.66283
0 0 1.025 426072 5.62948
0 0 1.026 395934 5.59762
0 0 1.027 369103 5.56715
0 0 1.028 345112 5.53796
0 0 1.029 323576 5.50998
0 0 1.03 304172 5.48312
0 0 1.031 286626 5.45732
0 0 1.032 270711 5.43251
0 0 1.033 256229 5.40863
0 0 1.034 243015 5.38563
0 0 1.035 230925 5.36347
0 0 1.036 219834 5.3421
0 0 1.037 209636 5.32147
0 0 1.038 200238 5.30155
0 0 1.039 191558 5.2823
0 0 1.04 183525 5.26369
0 0 1.041 176075 5.2457
0 0 1.042 169155 5.22828
0 0 1.043 162714 5.21143
0 0 1.044 156710 5.1951
0 0 1.045 151104 5.17928
0 0 1.046 145862 5.16394
0 0 1.047 140952 5.14907
0 0 1.048 136347 5.13464
0 0 1.049 132022 5.12065

