#h k l value log(value)
0 0 0.8 122249 5.08725
0 0 0.801 156970 5.19582
0 0 0.802 190306 5.27945
0 0 0.803 219775 5.34198
0 0 0.804 243168 5.38591
0 0 0.805 258715 5.41282
0 0 0.806 265225 5.42361
0 0 0.807 262169 5.41858
0 0 0.808 249731 5.39747
0 0 0.809 228796 5.35945
0 0 0.81 200888 5.30295
0 0 0.811 168060 5.22546
0 0 0.812 132749 5.12303
0 0 0.813 97590.2 4.98941
0 0 0.814 65229.7 4.81445
0 0 0.815 38122.9 4.58119
0 0 0.816 18352.5 4.2637
0 0 0.817 7471.42 3.8734
0 0 0.818 6382.95 3.80502
0 0 0.819 15269.5 4.18382
0 0 0.82 33573.7 4.526
0 0 0.821 60034.3 4.7784
0 0 0.822 92774.9 4.96743
0 0 0.823 129438 5.11206
0 0 0.824 167357 5.22364
0 0 0.825 203751 5.3091
0 0 0.826 235931 5.37279
0 0 0.827 261500 5.41747
0 0 0.828 278531 5.44487
0 0 0.829 285718 5.45594
0 0 0.83 282475 5.45098
0 0 0.831 268985 5.42973
0 0 0.832 246197 5.39128
0 0 0.833 215756 5.33396
0 0 0.834 179896 5.25502
0 0 0.835 141272 5.15006
0 0 0.836 102770 5.01187
0 0 0.837 67299.1 4.82801
0 0 0.838 37570.8 4.57485
0 0 0.839 15900.7 4.20142
0 0 0.84 4031.39 3.60545
0 0 0.841 2998.91 3.47696
0 0 0.842 13048.7 4.11557
0 0 0.843 33609.8 4.52647
0 0 0.844 63328.2 4.8016
0 0 0.845 100159 5.00069
0 0 0.846 141511 5.15079
0 0 0.847 184429 5.26583
0 0 0.848 225812 5.35375
0 0 0.849 262638 5.41936
0 0 0.85 292189 5.46566
0 0 0.851 312252 5.4945
0 0 0.852 321291 5.5069
0 0 0.853 318569 5.5032
0 0 0.854 304209 5.48317
0 0 0.855 279196 5.44591
0 0 0.856 245316 5.38973
0 0 0.857 205035 5.31183
0 0 0.858 161326 5.2077
0 0 0.859 117456 5.06987
0 0 0.86 76751 4.88508
0 0 0.861 42352.5 4.62688
0 0 0.862 16983.8 4.23003
0 0 0.863 2744.67 3.43849
0 0 0.864 949.024 2.97728
0 0 0.865 12017.2 4.0798
0 0 0.866 35432.7 4.5494
0 0 0.867 69766.1 4.84364
0 0 0.868 112767 5.05218
0 0 0.869 161515 5.20821
0 0 0.87 212627 5.32762
0 0 0.871 262492 5.41912
0 0 0.872 307536 5.4879
0 0 0.873 344482 5.53717
0 0 0.874 370596 5.5689
0 0 0.875 383892 5.58421
0 0 0.876 383294 5.58353
0 0 0.877 368727 5.56671
0 0 0.878 341142 5.53294
0 0 0.879 302462 5.48067
0 0 0.88 255463 5.40733
0 0 0.881 203586 5.30875
0 0 0.882 150701 5.17812
0 0 0.883 100831 5.00359
0 0 0.884 57864.5 4.76241
0 0 0.885 25273.5 4.40266
0 0 0.886 5849.56 3.76712
0 0 0.887 1490.58 3.17335
0 0 0.888 13044.4 4.11542
0 0 0.889 40225.8 4.6045
0 0 0.89 81613.4 4.91176
0 0 0.891 134728 5.12946
0 0 0.892 196189 5.29267
0 0 0.893 261936 5.41819
0 0 0.894 327510 5.51522
0 0 0.895 388363 5.58924
0 0 0.896 440183 5.64363
0 0 0.897 479213 5.68053
0 0 0.898 502532 5.70116
0 0 0.899 508287 5.70611
0 0 0.9 495854 5.69535
0 0 0.901 465914 5.66831
0 0 0.902 420441 5.62371
0 0 0.903 362597 5.55942
0 0 0.904 296537 5.47208
0 0 0.905 227142 5.3563
0 0 0.906 159695 5.20329
0 0 0.907 99514.9 4.99789
0 0 0.908 51582.4 4.7125
0 0 0.909 20174.5 4.3048
0 0 0.91 8541.68 3.93154
0 0 0.911 18645.1 4.27056
0 0 0.912 50976.9 4.70737
0 0 0.913 104478 5.01902
0 0 0.914 176559 5.24689
0 0 0.915 263232 5.42034
0 0 0.916 359345 5.55551
0 0 0.917 458894 5.66171
0 0 0.918 555425 5.74463
0 0 0.919 642458 5.80784
0 0 0.92 713951 5.85367
0 0 0.921 764732 5.88351
0 0 0.922 790902 5.89812
0 0 0.923 790159 5.89771
0 0 0.924 762028 5.88197
0 0 0.925 707977 5.85002
0 0 0.926 631407 5.80031
0 0 0.927 537508 5.73038
0 0 0.928 432990 5.63648
0 0 0.929 325703 5.51282
0 0 0.93 224157 5.35055
0 0 0.931 136982 5.13666
0 0 0.932 72350.4 4.85944
0 0 0.933 37400.2 4.57287
0 0 0.934 37703.3 4.57638
0 0 0.935 76803.3 4.88538
0 0 0.936 155865 5.19275
0 0 0.937 273456 5.43689
0 0 0.938 425495 5.62889
0 0 0.939 605350 5.78201
0 0 0.94 804127 5.90532
0 0 0.941 1.01111e+06 6.0048
0 0 0.942 1.21433e+06 6.08434
0 0 0.943 1.40132e+06 6.14654
0 0 0.944 1.55981e+06 6.19307
0 0 0.945 1.67866e+06 6.22496
0 0 0.946 1.74858e+06 6.24269
0 0 0.947 1.76298e+06 6.24625
0 0 0.948 1.71859e+06 6.23517
0 0 0.949 1.61598e+06 6.20844
0 0 0.95 1.45998e+06 6.16435
0 0 0.951 1.25972e+06 6.10027
0 0 0.952 1.02863e+06 6.01226
0 0 0.953 784078 5.89436
0 0 0.954 546821 5.73784
0 0 0.955 340252 5.5318
0 0 0.956 189440 5.27747
0 0 0.957 120028 5.07928
0 0 0.958 157026 5.19597
0 0 0.959 323564 5.50996
0 0 0.96 639641 5.80594
0 0 0.961 1.12095e+06 6.04959
0 0 0.962 1.77784e+06 6.24989
0 0 0.963 2.61442e+06 6.41738
0 0 0.964 3.62795e+06 6.55966
0 0 0.965 4.80845e+06 6.68201
0 0 0.966 6.13861e+06 6.78807
0 0 0.967 7.59402e+06 6.88047
0 0 0.968 9.14373e+06 6.96112
0 0 0.969 1.0751e+07 7.03145
0 0 0.97 1.23746e+07 7.09253
0 0 0.971 1.39698e+07 7.14519
0 0 0.972 1.54903e+07 7.19006
0 0 0.973 1.68894e+07 7.22762
0 0 0.974 1.81222e+07 7.25821
0 0 0.975 1.91469e+07 7.2821
0 0 0.976 1.99267e+07 7.29943
0 0 0.977 2.04309e+07 7.31029
0 0 0.978 2.06366e+07 7.31464
0 0 0.979 2.05297e+07 7.31238
0 0 0.98 2.01051e+07 7.30331
0 0 0.981 1.93679e+07 7.28708
0 0 0.982 1.83329e+07 7.26323
0 0 0.983 1.70246e+07 7.23108
0 0 0.984 1.54768e+07 7.18968
0 0 0.985 1.37316e+07 7.13772
0 0 0.986 1.18389e+07 7.07331
0 0 0.987 9.85532e+06 6.99367
0 0 0.988 7.84379e+06 6.89453
0 0 0.989 5.87374e+06 6.76891
0 0 0.99 4.02268e+06 6.60451
0 0 0.991 2.38086e+06 6.37673
0 0 0.992 1.06216e+06 6.02619
0 0 0.993 228885 5.35962
0 0 0.994 150768 5.17831
0 0 0.995 1.35855e+06 6.13308
0 0 0.996 5.10513e+06 6.70801
0 0 0.997 1.50857e+07 7.17856
0 0 0.998 4.65809e+07 7.66821
0 0 0.999 2.26608e+08 8.35528
0 0 1 7.13979e+11 11.8537
0 0 1.001 2.65946e+08 8.42479
0 0 1.002 6.67055e+07 7.82416
0 0 1.003 2.88867e+07 7.4607
0 0 1.004 1.56823e+07 7.19541
0 0 1.005 9.82292e+06 6.99224
0 0 1.006 6.93339e+06 6.84095
0 0 1.007 5.46311e+06 6.73744
0 0 1.008 4.73447e+06 6.67527
0 0 1.009 4.40481e+06 6.64393
0 0 1.01 4.28185e+06 6.63163
0 0 1.011 4.24997e+06 6.62839
0 0 1.012 4.23725e+06 6.62708
0 0 1.013 4.19917e+06 6.62316
0 0 1.014 4.10988e+06 6.61383
0 0 1.015 3.957e+06 6.59737
0 0 1.016 3.73812e+06 6.57265
0 0 1.017 3.45829e+06 6.53886
0 0 1.018 3.12796e+06 6.49526
0 0 1.019 2.76124e+06 6.4411
0 0 1.02 2.37429e+06 6.37553
0 0 1.021 1.984e+06 6.29754
0 0 1.022 1.60678e+06 6.20596
0 0 1.023 1.25747e+06 6.0995
0 0 1.024 948618 5.97709
0 0 1.025 689808 5.83873
0 0 1.026 487322 5.68782
0 0 1.027 343977 5.53653
0 0 1.028 259194 5.41363
0 0 1.029 229251 5.36031
0 0 1.03 247707 5.39394
0 0 1.031 305959 5.48566
0 0 1.032 393882 5.59537
0 0 1.033 500531 5.69943
0 0 1.034 614837 5.78876
0 0 1.035 726270 5.8611
0 0 1.036 825440 5.91669
0 0 1.037 904575 5.95644
0 0 1.038 957893 5.98132
0 0 1.039 981820 5.99203
0 0 1.04 975061 5.98903
0 0 1.041 938532 5.97245
0 0 1.042 875154 5.94208
0 0 1.043 789537 5.89737
0 0 1.044 687576 5.83732
0 0 1.045 575985 5.76041
0 0 1.046 461806 5.66446
0 0 1.047 351925 5.54645
0 0 1.048 252620 5.40247
0 0 1.049 169173 5.22833

